122.4464203 Training_Time (s)
4.837373299999996 Test_time (s)
99.71775561539252 Kappa accuracy (%)
99.78700745473908 Overall accuracy (%)
99.55009890843688 Average accuracy (%)
[ 99.9497319   99.98808389  99.41768131  99.16606236  99.91742362
 100.         100.          99.15509958  98.35680751] Each accuracy (%)
                      precision    recall  f1-score   support

             Asphalt     0.9977    0.9995    0.9986      5968
             Meadows     0.9998    0.9999    0.9999     16784
              Gravel     1.0000    0.9942    0.9971      1889
               Trees     0.9842    0.9917    0.9879      2758
Painted metal sheets     1.0000    0.9992    0.9996      1211
           Bare Soil     1.0000    1.0000    1.0000      4526
             Bitumen     1.0000    1.0000    1.0000      1197
Self-Blocking Bricks     0.9940    0.9916    0.9927      3314
             Shadows     0.9988    0.9836    0.9911       852

            accuracy                         0.9979     38499
           macro avg     0.9972    0.9955    0.9963     38499
        weighted avg     0.9979    0.9979    0.9979     38499

[[ 5965     3     0     0     0     0     0     0     0]
 [    0 16782     0     2     0     0     0     0     0]
 [    0     0  1878     0     0     0     0    11     0]
 [   14     0     0  2735     0     0     0     9     0]
 [    0     0     0     0  1210     0     0     0     1]
 [    0     0     0     0     0  4526     0     0     0]
 [    0     0     0     0     0     0  1197     0     0]
 [    0     0     0    28     0     0     0  3286     0]
 [    0     0     0    14     0     0     0     0   838]]